%YAML:1.0
---
R: !!opencv-matrix
   rows: 3
   cols: 3
   dt: d
   data: [ 9.9997149582196887e-01, 4.8210106361039990e-03,
       5.8108002908933160e-03, -4.8866661262084174e-03,
       9.9992378065892118e-01, 1.1338137719252319e-02,
       -5.7556961129858961e-03, -1.1366209975903888e-02,
       9.9991883732282927e-01 ]
T: !!opencv-matrix
   rows: 3
   cols: 1
   dt: d
   data: [ -3.3427086816617235e+00, 4.6825937962329083e-02,
       3.6523404523280288e-03 ]
R1: !!opencv-matrix
   rows: 3
   cols: 3
   dt: d
   data: [ 9.9994753470257836e-01, -9.1729784965332052e-03,
       4.5589809977615928e-03, 9.1468661271598417e-03,
       9.9994182998349390e-01, 5.7158979446142759e-03,
       -4.6111476106960210e-03, -5.6738976694657908e-03,
       9.9997327174427453e-01 ]
R2: !!opencv-matrix
   rows: 3
   cols: 3
   dt: d
   data: [ 9.9990130032123892e-01, -1.4006998729557305e-02,
       -1.0925211603183612e-03, 1.4000549542530548e-02,
       9.9988572503331619e-01, -5.7027613580524850e-03,
       1.1722748835963793e-03, 5.6869026007070915e-03,
       9.9998314231311280e-01 ]
P1: !!opencv-matrix
   rows: 3
   cols: 4
   dt: d
   data: [ 4.3964859505829611e+02, 0., 3.1932437133789062e+02, 0., 0.,
       4.3964859505829611e+02, 2.3945363616943359e+02, 0., 0., 0., 1.,
       0. ]
P2: !!opencv-matrix
   rows: 3
   cols: 4
   dt: d
   data: [ 4.3964859505829611e+02, 0., 3.1932437133789062e+02,
       -1.4697622406427524e+03, 0., 4.3964859505829611e+02,
       2.3945363616943359e+02, 0., 0., 0., 1., 0. ]
Q: !!opencv-matrix
   rows: 4
   cols: 4
   dt: d
   data: [ 1., 0., 0., -3.1932437133789062e+02, 0., 1., 0.,
       -2.3945363616943359e+02, 0., 0., 0., 4.3964859505829611e+02, 0.,
       0., 2.9912905836118786e-01, 0. ]
