%YAML:1.0
---
M1: !!opencv-matrix
   rows: 3
   cols: 3
   dt: d
   data: [ 5.3398795381629998e+02, 0., 3.2838647414615605e+02, 0.,
       5.2871082254122143e+02, 2.3684272814037672e+02, 0., 0., 1. ]
D1: !!opencv-matrix
   rows: 1
   cols: 14
   dt: d
   data: [ -2.5896596034446923e-01, -1.2618399144051479e-01, 0., 0., 0.,
       0., 0., -3.9963356690988139e-01, 0., 0., 0., 0., 0., 0. ]
M2: !!opencv-matrix
   rows: 3
   cols: 3
   dt: d
   data: [ 5.3398795381629998e+02, 0., 3.1377033136474824e+02, 0.,
       5.2871082254122143e+02, 2.4187045537694971e+02, 0., 0., 1. ]
D2: !!opencv-matrix
   rows: 1
   cols: 14
   dt: d
   data: [ -2.6296219996246428e-01, -1.2154546771207121e-02, 0., 0., 0.,
       0., 0., -1.9510575516727410e-01, 0., 0., 0., 0., 0., 0. ]
